0
0
0
0
0
0
0
0
0
0
12
278
1292
0
0
0
0
0
0
0
0
0
202929
0
0
0
0
0
0
96391
2
0
0
0
0
0
0
0
0
0
0
0
173378
660
60965
156061
179943
150007
204488
214865
163891
154828
153020
208642
182590
210199
154350
213514
169682
156061
179943
150007
204488
214865
163891
154828
153020
208642
182590
210199
154350
213514
169682
156061
179943
150007
204488
214865
163891
154828
153020
208642
182590
210199
154350
213514
169682
210295
154297
148431
156341
145755
1021
1021
1021
1021
1
0
0
0
0
0
0
0
0
0
0
0
0
0
0
0
0
0
0
0
0
41519
41519
41519
41519
41519
41519
